[9.99200722e-16 5.84175355e-03 1.81560341e-02 3.39831940e-02
 5.17552754e-02 7.04068624e-02 8.91581998e-02 1.07424072e-01
 1.24765806e-01 1.40862185e-01 1.55489821e-01 1.68508705e-01
 1.79850765e-01 1.89510164e-01 1.97534583e-01 2.04016985e-01
 2.09087472e-01 2.12904981e-01 2.15648653e-01 2.17508791e-01
 2.18677453e-01 2.19338848e-01 2.19659867e-01 2.19781182e-01
 2.19809477e-01 2.19811359e-01 2.19809477e-01 2.19781182e-01
 2.19659867e-01 2.19338848e-01 2.18677453e-01 2.17508791e-01
 2.15648653e-01 2.12904981e-01 2.09087472e-01 2.04016986e-01
 1.97534583e-01 1.89510164e-01 1.79850766e-01 1.68508705e-01
 1.55489821e-01 1.40862185e-01 1.24765806e-01 1.07424071e-01
 8.91581991e-02 7.04068598e-02 5.17552748e-02 3.39831852e-02
 1.81560168e-02 5.84182883e-03 5.55111512e-16]
[9.99200722e-16 5.84175268e-03 1.81560069e-02 3.39831961e-02
 5.17552755e-02 7.04068624e-02 8.91581997e-02 1.07424072e-01
 1.24765806e-01 1.40862185e-01 1.55489821e-01 1.68508705e-01
 1.79850765e-01 1.89510164e-01 1.97534583e-01 2.04016985e-01
 2.09087472e-01 2.12904981e-01 2.15648653e-01 2.17508791e-01
 2.18677453e-01 2.19338848e-01 2.19659867e-01 2.19781182e-01
 2.19809477e-01 2.19811359e-01 2.19809477e-01 2.19781182e-01
 2.19659867e-01 2.19338848e-01 2.18677453e-01 2.17508791e-01
 2.15648653e-01 2.12904981e-01 2.09087472e-01 2.04016986e-01
 1.97534583e-01 1.89510164e-01 1.79850766e-01 1.68508705e-01
 1.55489821e-01 1.40862185e-01 1.24765806e-01 1.07424071e-01
 8.91581991e-02 7.04068598e-02 5.17552748e-02 3.39831852e-02
 1.81560177e-02 5.84181045e-03 5.55111512e-16]
