0.2198113593729346
0.20322798840495065
0.19154501450092043
0.18167640895639342
0.17296542417193483
0.165100231279926
0.1578973699488811
0.15123583597973428
0.14502983697994665
0.1392154188412223
0.13374311477339362
0.12857356409699072
0.12367473663997847
0.11902008799339059
0.11458728539668378
0.1103572990431223
0.1063137367230167
0.1024423453219458
0.09873063001395171
0.09516755821926631
0.09174332637998767
0.08844917316228457
0.085277228634828
0.08222039088001598
0.07927222417214558
0.07642687421313832
0.07367899717913445
0.07102369868287456
0.06845648452864794
0.06597321483068497
0.06357006769386703
0.06124350596810746
0.0589902490730449
0.056807248218943784
0.05469166461178243
0.05264085032916266
0.05065233138435771
0.04872379270659272
0.04685306477350881
0.04503811196685603
0.0432770204394165
0.0415679913896877
0.03990932959188642
0.03829943698420646
0.03673680533763435
0.03522000991063656
0.033747703583614785
0.03231861160862687
0.030931526784766628
0.02958530498569678
0.0282788615718772
0.027011166704648037
0.02578124179544994
0.024588159773360596
0.023431037337108385
0.02230903518188848
0.021221354923714963
0.020167236817431988
0.01914595773054817
0.018156828985460005
0.017199194964767517
0.016272431033695578
0.015375942211461824
0.01450916165713223
0.013671549491145907
0.012862590813176644
0.012081796003594047
0.011328698229230494
0.010602853593815298
0.009903836896542506
0.009231248092164357
0.008584702165910119
0.007963836762158505
0.007368304018414373
0.0067977786130737905
0.006251943240371094
0.0057305074045379545
0.005233190221153761
0.00475972649216827
0.004309867032135983
0.0038833765991495572
0.003480032232933583
0.0030996284567856303
0.0027419663574207442
0.0024068659747139565
0.002094157944022179
0.0018036842360106276
0.0015352990170761638
0.0012888685531750044
0.0010642733435852203
0.0008614055555304923
0.0006801372580703124
0.0005204211357536792
0.0003821430275375848
0.0002652595647719691
0.000169722200757505
9.54928766452312e-05
4.241500622687022e-05
3.947821736249857e-05
-9.43689570931383e-16
