[5.55111512e-16 1.29857913e-03 6.10235360e-03 1.21586461e-02
 2.42676365e-02 3.60294291e-02 3.98981442e-02 5.86998090e-02
 7.14458523e-02 8.36755325e-02 9.58804011e-02 1.07846910e-01
 1.19486994e-01 1.30713318e-01 1.41436068e-01 1.51578369e-01
 1.61074368e-01 1.69897338e-01 1.77989616e-01 1.85335370e-01
 1.91920738e-01 1.97743824e-01 2.02812578e-01 2.07144352e-01
 2.10764871e-01 2.13707501e-01 2.16012073e-01 2.17723798e-01
 2.18892009e-01 2.19569099e-01 2.19809251e-01 2.19811359e-01
 2.19811353e-01 2.19811353e-01 2.19811355e-01 2.19811353e-01
 2.19811359e-01 2.19811359e-01 2.19811359e-01 2.19811358e-01
 2.19811357e-01 2.19811340e-01 2.19811353e-01 2.19811359e-01
 2.19811358e-01 2.19811357e-01 2.19811346e-01 2.19811135e-01
 2.19811005e-01 2.19796867e-01 2.19811359e-01 2.19794394e-01
 2.19811261e-01 2.19811359e-01 2.19811345e-01 2.19811348e-01
 2.19811096e-01 2.19811359e-01 2.19811331e-01 2.19811326e-01
 2.19811347e-01 2.19811196e-01 2.19811342e-01 2.19811349e-01
 2.19811355e-01 2.19811348e-01 2.19811353e-01 2.19811357e-01
 2.19811359e-01 2.19811359e-01 2.19809239e-01 2.19568712e-01
 2.18892011e-01 2.17723790e-01 2.16012084e-01 2.13707450e-01
 2.10764868e-01 2.07144324e-01 2.02812600e-01 1.97743827e-01
 1.91920715e-01 1.85335398e-01 1.77988444e-01 1.69897188e-01
 1.61081521e-01 1.51577561e-01 1.41435005e-01 1.30693574e-01
 1.19360701e-01 1.07847878e-01 9.58919763e-02 8.37223768e-02
 7.09324888e-02 5.62859673e-02 4.36755764e-02 2.65781754e-02
 1.88111751e-02 1.49765929e-02 6.10238110e-03 1.89665082e-03
 1.33226763e-15]
